181 points
x-dir 30m
y-dir 3m
1,0
2,0
3,0
4,0
5,0
6,0
7,0
8,0
9,0
10,0
11,0
12,0
13,0
14,0.2
15,0.3
16,0.5
17,0.5
18,0.6
19,0.8
20,1
21,1
22,0.9
23,0.8
24,0.5
25,0.4, Turn_1
26,-0.4
27,-0.4
28,-0.6
29,-1
30,-1
31,-0.8
32,-0.5
33,-0.3
34,-0.2, Turn_2
35,0
36,0.1
37,0.1
38,0.1
39,0.1
40,0.1
41,0.1
42,0
43,-0.1, Turn_3
44,-0.1
45,-0.1
46,-0.1, Turn_4
47,-0.1
48,-0.1
49,-0.1
50,0.2, Turn_5
51,0.1
52,-0.1
53,-0.1
54,-0.1
55,0, Turn_6
56,0.1
57,0.2
58,0.2
59,0.1
60,0.1	
61,0.05
62,-0.1
63,-0.1, Turn_7
64,-0.1
65,0
66,0.2
67,0.2
68,0.2
69,0.2, Turn_8
70,0.2
71,0.2
72,0.2, Turn_9
73,0.2
74,0.2
75,0.1
76,-0.1
77,-0.2
78,-0.2, Turn_10
79,-0.3
80,-0.4
81,-0.3
82,-0.4
83,-0.2
84,0
85,0
86,0
87,0
88,0.1
89,0.3
90,0.3
91,0, Turn_11
92,-0.5
93,-0.5
94,-0.4
95,-0.3
96,0
97,0.1
98,0.2
99,0.2
100,0.2
101,0.2
102,0.1
103,0.1
104,0
105,-0.05
106,-0.1
107,-0.1
108,-0.1
109,-0.1
110,-0.1
111,0
112,0
113,0
114,0
115,0
116,0
117,0
118,0
119,0
120,-0.1
121,-0.1
122,-0.1
123,-0.1
124,-0.1
125,-0.1
126,0, Turn_12
127,0
128,0.1
129,0.2
130,0.2
131,0.2
132,0.2
133,0.1, Turn_13
134,0
135,-0.1
136,-0.1, Turn_14
137,-0.1
138,-0.1
139,-0.1
140,0, Turn_15
141,0.1
142,0.1, Turn_16
143,0.1
144,0.1
145,0.1
146,0.1
147,0.15
148,0.1
149,0.1
150,0.1
151,0.1
152,0.1, Turn_17
153,0.1
154,0.1
155,0
156,-0.2
157,-0.1
158,-0.1
159,-0.2
160,-0.2, Turn_18
161,-0.2
162,-0.1
163,0
164,0
165,0
166,0
167,0
168,0, Turn_19
169,-0.2
170,-0.2
171,-0.2
172,-0.2
173,-0.1
174,0
175,0.1
176,0.2
177,0.2
178,0.1
179,0, Turn_20
180,0 
181,0
182,0
183,0
