181 points
1,0.0,30
2,0.0,30
3,0.0,30
4,0.0,30
5,0.0,30
6,0.0,30
7,0.0,30
8,0.0,30
9,0.0,30
10,0.0,30
11,0.0,30
12,0.0,30
13,0.0,30
14,0.6,30
15,0.9,30
16,1.5,30
17,1.5,30
18,1.8,30
19,2.4,30
20,3.0,30
21,3.0,30
22,2.7,30
23,2.4,30
24,1.5,30
25,1.2,30, Turn_1
26,-1.2,30
27,-1.2,30
28,-1.8,30
29,-3.0,30
30,-3.0,30
31,-2.4,30
32,-1.5,30
33,-0.9,30
34,-0.6,30, Turn_2
35,0.0,30
36,0.3,30
37,0.3,30
38,0.3,30
39,0.3,30
40,0.3,30
41,0.3,30
42,0.0,30
43,-0.3,30, Turn_3
44,-0.3,30
45,-0.3,30
46,-0.3,30, Turn_4
47,-0.3,30
48,-0.3,30
49,-0.3,30
50,0.6,30, Turn_5
51,0.3,30
52,-0.3,30
53,-0.3,30
54,-0.3,30
55,0.0,30, Turn_6
56,0.3,30
57,0.6,30
58,0.6,30
59,0.3,30
60,0.3,30
61,0.15,30
62,-0.3,30
63,-0.3,30, Turn_7
64,-0.3,30
65,0.0,30
66,0.6,30
67,0.6,30
68,0.6,30
69,0.6,30, Turn_8
70,0.6,30
71,0.6,30
72,0.6,30, Turn_9
73,0.6,30
74,0.6,30
75,0.3,30
76,-0.3,30
77,-0.6,30
78,-0.6,30, Turn_10
79,-0.9,30
80,-1.2,30
81,-0.9,30
82,-1.2,30
83,-0.6,30
84,0.0,30
85,0.0,30
86,0.0,30
87,0.0,30
88,0.3,30
89,0.9,30
90,0.9,30
91,0.0,30, Turn_11
92,-1.5,30
93,-1.5,30
94,-1.2,30
95,-0.9,30
96,0.0,30
97,0.3,30
98,0.6,30
99,0.6,30
100,0.6,30
101,0.6,30
102,0.3,30
103,0.3,30
104,0.0,30
105,-0.15,30
106,-0.3,30
107,-0.3,30
108,-0.3,30
109,-0.3,30
110,-0.3,30
111,0.0,30
112,0.0,30
113,0.0,30
114,0.0,30
115,0.0,30
116,0.0,30
117,0.0,30
118,0.0,30
119,0.0,30
120,-0.3,30
121,-0.3,30
122,-0.3,30
123,-0.3,30
124,-0.3,30
125,-0.3,30
126,0.0,30, Turn_12
127,0.0,30
128,0.3,30
129,0.6,30
130,0.6,30
131,0.6,30
132,0.6,30
133,0.3,30, Turn_13
134,0.0,30
135,-0.3,30
136,-0.3,30, Turn_14
137,-0.3,30
138,-0.3,30
139,-0.3,30
140,0.0,30, Turn_15
141,0.3,30
142,0.3,30, Turn_16
143,0.3,30
144,0.3,30
145,0.3,30
146,0.3,30
147,0.45,30
148,0.3,30
149,0.3,30
150,0.3,30
151,0.3,30
152,0.3,30, Turn_17
153,0.3,30
154,0.3,30
155,0.0,30
156,-0.6,30
157,-0.3,30
158,-0.3,30
159,-0.6,30
160,-0.6,30, Turn_18
161,-0.6,30
162,-0.3,30
163,0.0,30
164,0.0,30
165,0.0,30
166,0.0,30
167,0.0,30
168,0.0,30, Turn_19
169,-0.6,30
170,-0.6,30
171,-0.6,30
172,-0.6,30
173,-0.3,30
174,0.0,30
175,0.3,30
176,0.6,30
177,0.6,30
178,0.3,30
179,0.0,30, Turn_20
180,0.0,30
181,0.0,30
182,0.0,30
183,0.0,30
